730093263	Repetition	123	128
730093263	Repetition	352	357
730093263	Loaded_Language	1370	1393
730093263	Repetition	2434	2439
730093263	Doubt	2699	2807
730093263	Loaded_Language	2458	2488
730246508	Loaded_Language	1654	1676
730246508	Loaded_Language	4557	4573
730246508	Repetition	4406	4412
730246508	Doubt	3840	3949
730246508	Repetition	4187	4195
730246508	Exaggeration,Minimisation	5052	5099
730269378	Repetition	689	696
730269378	Repetition	718	723
738028498	Repetition	1168	1179
738028498	Repetition	313	322
738028498	Causal_Oversimplification	1166	1467
738028498	Causal_Oversimplification	1659	1814
738028498	Loaded_Language	130	158
738028498	Loaded_Language	0	32
738028498	Loaded_Language	53	77
738028498	Appeal_to_fear-prejudice	130	207
738028498	Repetition	314	322
738028498	Flag-Waving	575	635
738028498	Flag-Waving	675	738
738028498	Flag-Waving	1400	1466
738028498	Loaded_Language	1510	1524
738361208	Loaded_Language	1159	1179
738361208	Loaded_Language	1409	1438
738361208	Loaded_Language	2396	2423
738361208	Loaded_Language	3229	3245
738361208	Loaded_Language	3351	3381
738361208	Loaded_Language	999	1023
738361208	Repetition	2234	2245
738361208	Loaded_Language	2364	2394
738361208	Loaded_Language	1275	1296
738361208	Flag-Waving	2860	2913
738361208	Loaded_Language	368	395
738361208	Exaggeration,Minimisation	623	668
738361208	Loaded_Language	2396	2423
738361208	Loaded_Language	37	53
738361208	Exaggeration,Minimisation	1694	1734
738361208	Loaded_Language	2396	2422
738361208	Exaggeration,Minimisation	1049	1096
738361208	Loaded_Language	2207	2233
738361208	Loaded_Language	368	394
738361208	Loaded_Language	2890	2913
738361208	Loaded_Language	1439	1455
738361208	Loaded_Language	2364	2394
738361208	Causal_Oversimplification	669	821
738361208	Doubt	823	906
738361208	Causal_Oversimplification	1184	1340
738361208	Causal_Oversimplification	1457	1576
738442776	Exaggeration,Minimisation	1320	1368
738442776	Loaded_Language	1857	1888
738442776	Doubt	2249	2337
738442776	Loaded_Language	1747	1761
738442776	Repetition	0	6
738442776	Doubt	2157	2249
738442776	Doubt	2249	2337
738442776	Causal_Oversimplification	516	633
738447109	Loaded_Language	5790	5820
738447109	Loaded_Language	5850	5879
738447109	Loaded_Language	1830	1850
738447109	Exaggeration,Minimisation	5072	5124
738447109	Exaggeration,Minimisation	5217	5268
738447109	Loaded_Language	324	357
738447109	Doubt	2450	2533
738447109	Doubt	6236	6332
738447109	Flag-Waving	303	359
738447109	Loaded_Language	733	760
738447109	Loaded_Language	1000	1027
738447109	Loaded_Language	4484	4505
738447109	Loaded_Language	4716	4737
738447109	Flag-Waving	5058	5122
738447109	Loaded_Language	3634	3658
738447109	Flag-Waving	4980	5035
738447109	Flag-Waving	5125	5180
738447109	Loaded_Language	6183	6209
738447109	Loaded_Language	3667	3685
738447109	Loaded_Language	2353	2374
738447109	Doubt	6236	6332
738447109	Loaded_Language	733	759
738447109	Loaded_Language	1000	1026
738447109	Causal_Oversimplification	5908	6207
738447109	Flag-Waving	4980	5034
738447109	Flag-Waving	5125	5179
738447109	Loaded_Language	3460	3484
738447109	Causal_Oversimplification	303	617
738447109	Causal_Oversimplification	4450	4649
738447109	Causal_Oversimplification	4682	4881
738447109	Loaded_Language	0	17
738447109	Loaded_Language	102	119
738447109	Doubt	5036	5122
738447109	Doubt	5181	5267
738542398	Loaded_Language	644	667
738542398	Flag-Waving	614	668
738542398	Loaded_Language	1105	1134
738542398	Loaded_Language	983	999
738781754	Loaded_Language	1707	1725
738781754	Loaded_Language	714	741
738781754	Doubt	2021	2113
738781754	Doubt	2021	2113
738781754	Loaded_Language	714	740
738781754	Loaded_Language	1665	1678
738781754	Loaded_Language	1707	1725
738781754	Repetition	1956	1967
740235127	Exaggeration,Minimisation	1190	1239
740235127	Exaggeration,Minimisation	795	842
740235127	Exaggeration,Minimisation	1476	1525
740235127	Doubt	1554	1662
740235127	Loaded_Language	1533	1552
740235127	Flag-Waving	1722	1786
740235127	Doubt	1859	1947
740235127	Doubt	2010	2121
740235127	Loaded_Language	2580	2596
740235127	Causal_Oversimplification	2733	2860
740235127	Loaded_Language	2935	2962
740235127	Causal_Oversimplification	2559	2732
740235127	Doubt	474	579
740235127	Loaded_Language	1722	1752
740235127	Loaded_Language	2935	2961
761568202	Loaded_Language	2027	2046
761568202	Loaded_Language	720	737
761575506	Loaded_Language	1215	1230
761575506	Repetition	2205	2211
761722669	Loaded_Language	640	664
761722669	Loaded_Language	1392	1414
761722669	Loaded_Language	2223	2237
761722669	Loaded_Language	2287	2307
761722669	Loaded_Language	2951	2969
761722669	Repetition	2606	2617
761722669	Loaded_Language	3427	3446
761722669	Loaded_Language	258	271
761722669	Repetition	2559	2567
761955563	Loaded_Language	4383	4397
761955563	Exaggeration,Minimisation	172	211
761955563	Exaggeration,Minimisation	69	108
761955563	Repetition	241	245
761955563	Repetition	285	291
761955563	Repetition	2210	2216
761955563	Doubt	3228	3342
761955563	Repetition	3628	3636
761955563	Loaded_Language	2191	2205
761955563	Flag-Waving	4044	4109
761955563	Loaded_Language	4202	4225
761955563	Loaded_Language	4227	4243
761955563	Repetition	4252	4260
761955563	Loaded_Language	4407	4432
761955563	Loaded_Language	4202	4225
761955563	Loaded_Language	84	108
763114850	Repetition	292	302
763114850	Loaded_Language	2184	2202
763114850	Repetition	3628	3635
763114850	Loaded_Language	6748	6760
763114850	Repetition	394	399
763114850	Repetition	872	879
763114850	Repetition	958	965
763114850	Exaggeration,Minimisation	123	165
763114850	Flag-Waving	197	262
763114850	Loaded_Language	2094	2114
763114850	Loaded_Language	2913	2938
763114850	Repetition	3497	3501
763114850	Repetition	352	356
763114850	Repetition	4184	4189
763114850	Repetition	4754	4761
763114850	Causal_Oversimplification	4782	4926
763114850	Repetition	5256	5266
763114850	Loaded_Language	5033	5054
763114850	Repetition	5590	5596
763114850	Repetition	5742	5748
763114850	Loaded_Language	5957	5969
763114850	Loaded_Language	6639	6652
763114850	Doubt	6829	6913
763114850	Repetition	958	965
763114850	Repetition	1022	1029
763114850	Loaded_Language	2184	2202
763114850	Loaded_Language	3427	3444
763114850	Loaded_Language	4137	4155
763114850	Repetition	4647	4655
763280007	Repetition	543	551
763280007	Loaded_Language	3547	3572
763280007	Loaded_Language	4091	4114
763280007	Repetition	4207	4217
763280007	Loaded_Language	2186	2217
763280007	Exaggeration,Minimisation	3581	3623
763280007	Doubt	3826	3908
763280007	Repetition	513	521
763280007	Repetition	619	626
763280007	Loaded_Language	476	500
763280007	Loaded_Language	1447	1478
763280007	Loaded_Language	1562	1592
763280007	Exaggeration,Minimisation	1621	1659
763280007	Repetition	2729	2736
763280007	Loaded_Language	1182	1199
763280007	Loaded_Language	2906	2923
763280007	Repetition	3074	3084
763280007	Doubt	2933	3025
763280007	Loaded_Language	3211	3233
763280007	Exaggeration,Minimisation	3631	3682
763280007	Repetition	4141	4152
763280007	Loaded_Language	4169	4185
763280007	Repetition	4437	4448
763280007	Repetition	4411	4422
763280007	Repetition	4478	4489
763280007	Repetition	4524	4535
763280007	Loaded_Language	4627	4644
763280007	Loaded_Language	4537	4555
763280007	Causal_Oversimplification	4647	4778
763280007	Loaded_Language	281	296
763280007	Repetition	513	521
763280007	Loaded_Language	619	634
763280007	Repetition	1667	1675
763280007	Loaded_Language	3237	3250
763280007	Exaggeration,Minimisation	3534	3572
763280007	Loaded_Language	3983	4006
763280007	Loaded_Language	4008	4034
763280007	Flag-Waving	4036	4089
763280007	Thought-terminating_Cliches	4116	4152
763280007	Loaded_Language	4154	4185
763280007	Loaded_Language	4187	4217
763280007	Loaded_Language	4537	4569
763280007	Loaded_Language	4627	4644
763412406	Repetition	4920	4929
763412406	Repetition	2593	2600
763412406	Loaded_Language	2957	2984
763412406	Loaded_Language	3120	3138
763412406	Loaded_Language	4347	4363
763412406	Repetition	4815	4818
763412406	Repetition	258	268
763412406	Loaded_Language	1883	1901
763412406	Loaded_Language	2268	2281
763412406	Repetition	2930	2941
763412406	Repetition	3111	3119
763412406	Loaded_Language	3175	3208
763412406	Causal_Oversimplification	3548	3694
763412406	Loaded_Language	3745	3762
763412406	Loaded_Language	3934	3951
763412406	Doubt	4387	4501
763412406	Loaded_Language	4526	4556
763412406	Repetition	4592	4602
763412406	Loaded_Language	4563	4590
763412406	Loaded_Language	4633	4660
763412406	Loaded_Language	4698	4714
763412406	Repetition	4990	4999
763412406	Loaded_Language	5645	5661
763412406	Loaded_Language	6194	6222
763412406	Loaded_Language	6335	6354
763412406	Loaded_Language	70	88
763412406	Loaded_Language	2251	2281
763412406	Appeal_to_fear-prejudice	2405	2479
763412406	Loaded_Language	2684	2700
763412406	Loaded_Language	2684	2700
763412406	Loaded_Language	3257	3281
763412406	Repetition	4032	4043
763412406	Repetition	4132	4142
763412406	Loaded_Language	3876	3890
763412406	Repetition	4387	4390
763412406	Repetition	4503	4506
763412406	Repetition	4662	4666
763412406	Repetition	4667	4670
763412406	Repetition	4808	4812
763412406	Repetition	5001	5004
763412406	Repetition	5245	5255
763412406	Loaded_Language	5947	5975
763412406	Loaded_Language	5947	5977
763412406	Repetition	6437	6445
772836731	Loaded_Language	182	198
772836731	Repetition	279	286
772836731	Causal_Oversimplification	1981	2147
772836731	Loaded_Language	3117	3137
772836731	Loaded_Language	4429	4455
772836731	Causal_Oversimplification	7848	7973
772836731	Loaded_Language	10114	10134
772836731	Repetition	19	28
772836731	Loaded_Language	224	242
772836731	Causal_Oversimplification	667	904
772836731	Causal_Oversimplification	667	904
772836731	Loaded_Language	977	1005
772836731	Appeal_to_fear-prejudice	1024	1096
772836731	Appeal_to_fear-prejudice	1289	1363
772836731	Flag-Waving	2148	2201
772836731	Causal_Oversimplification	2287	2481
772836731	Loaded_Language	2567	2587
772836731	Exaggeration,Minimisation	2597	2638
772836731	Loaded_Language	3117	3151
772836731	Exaggeration,Minimisation	3069	3115
772836731	Loaded_Language	3628	3655
772836731	Flag-Waving	3752	3820
772836731	Loaded_Language	4425	4456
772836731	Exaggeration,Minimisation	5294	5343
772836731	Doubt	5357	5450
772836731	Loaded_Language	5816	5833
772836731	Causal_Oversimplification	5977	6115
772836731	Loaded_Language	7718	7740
772836731	Exaggeration,Minimisation	8211	8253
772836731	Loaded_Language	8259	8285
772836731	Loaded_Language	8532	8554
772836731	Exaggeration,Minimisation	8995	9040
772836731	Causal_Oversimplification	8731	9215
772836731	Appeal_to_fear-prejudice	9594	9667
772836731	Loaded_Language	9356	9376
772836731	Loaded_Language	9566	9592
772836731	Thought-terminating_Cliches	9712	9747
772836731	Loaded_Language	9888	9903
772836731	Flag-Waving	10855	10911
772836731	Appeal_to_fear-prejudice	11541	11617
772836731	Doubt	11896	12010
772836731	Appeal_to_fear-prejudice	12012	12084
772836731	Flag-Waving	12319	12382
772836731	Loaded_Language	12426	12453
772836731	Flag-Waving	12455	12516
772836731	Causal_Oversimplification	12573	12796
772836731	Doubt	13028	13124
772836731	Appeal_to_fear-prejudice	13443	13520
772836731	Repetition	13656	13664
772836731	Appeal_to_fear-prejudice	13763	13835
772836731	Loaded_Language	13936	13948
772836731	Loaded_Language	13997	14010
772836731	Repetition	655	665
772836731	Causal_Oversimplification	769	904
772836731	Loaded_Language	993	1005
772836731	Loaded_Language	1935	1961
772836731	Doubt	2484	2587
772836731	Loaded_Language	2567	2587
772836731	Loaded_Language	4053	4067
772836731	Loaded_Language	10147	10163
773650987	Loaded_Language	845	858
773650987	Exaggeration,Minimisation	1761	1804
773650987	Loaded_Language	166	190
773650987	Loaded_Language	616	629
773650987	Causal_Oversimplification	963	1217
773650987	Causal_Oversimplification	1652	1803
773650987	Repetition	2717	2724
773650987	Loaded_Language	2768	2784
773650987	Doubt	2753	2865
773650987	Exaggeration,Minimisation	2941	2981
773650987	Loaded_Language	87	101
773650987	Repetition	174	183
773650987	Flag-Waving	1155	1217
773650987	Loaded_Language	1458	1477
773650987	Flag-Waving	1423	1487
773650987	Flag-Waving	3097	3160
776126299	Repetition	6177	6186
776126299	Loaded_Language	2444	2468
776126299	Flag-Waving	6082	6148
776126299	Loaded_Language	2216	2240
776126299	Repetition	2272	2278
776126299	Repetition	2402	2408
776126299	Flag-Waving	4441	4500
776126299	Repetition	4573	4582
776126299	Repetition	4621	4629
776126299	Loaded_Language	6261	6293
776126299	Loaded_Language	6372	6399
776126299	Loaded_Language	2191	2215
776126299	Loaded_Language	2345	2371
776385494	Loaded_Language	3773	3798
776385494	Exaggeration,Minimisation	1130	1171
776385494	Loaded_Language	3773	3798
776385494	Loaded_Language	3902	3924
777720051	Exaggeration,Minimisation	525	574
777720051	Loaded_Language	1244	1277
777720051	Loaded_Language	1297	1316
777720051	Loaded_Language	35	67
777720051	Loaded_Language	156	179
777720051	Loaded_Language	226	255
777720051	Loaded_Language	1193	1220
777720051	Repetition	1868	1879
777785889	Repetition	273	284
777785889	Thought-terminating_Cliches	2898	2933
777785889	Appeal_to_fear-prejudice	2970	3044
777785889	Loaded_Language	63	91
777785889	Loaded_Language	96	120
777785889	Loaded_Language	1935	1965
777785889	Flag-Waving	3711	3771
777785889	Loaded_Language	3132	3155
777869943	Loaded_Language	532	551
777869943	Loaded_Language	1748	1766
777869943	Thought-terminating_Cliches	2967	3002
777869943	Flag-Waving	3398	3458
777869943	Loaded_Language	3083	3101
777869943	Causal_Oversimplification	4310	4497
777869943	Flag-Waving	16	71
777869943	Loaded_Language	166	186
777869943	Loaded_Language	201	219
777869943	Flag-Waving	522	578
777869943	Loaded_Language	969	989
777869943	Loaded_Language	1059	1079
777869943	Loaded_Language	1380	1393
777869943	Repetition	2559	2570
777869943	Doubt	3769	3855
777869943	Loaded_Language	5181	5210
777869943	Loaded_Language	5245	5274
777869943	Doubt	699	778
777869943	Repetition	1063	1070
777869943	Exaggeration,Minimisation	1736	1788
777869943	Repetition	3283	3294
777869943	Causal_Oversimplification	4102	4307
778094905	Loaded_Language	1556	1579
778094905	Causal_Oversimplification	3004	3198
778094905	Causal_Oversimplification	3200	3511
778094905	Causal_Oversimplification	3292	3511
778094905	Loaded_Language	375	388
778094905	Loaded_Language	3044	3066
778094905	Causal_Oversimplification	3218	3511
778094905	Causal_Oversimplification	3513	3693
778094905	Loaded_Language	3541	3569
778094905	Exaggeration,Minimisation	3651	3695
778358096	Loaded_Language	2117	2132
778358096	Causal_Oversimplification	2694	2809
778358096	Loaded_Language	3206	3229
778358096	Causal_Oversimplification	3687	3974
778358096	Loaded_Language	1790	1823
778358096	Loaded_Language	2068	2084
778358096	Flag-Waving	2138	2208
778358096	Causal_Oversimplification	2228	2365
778358096	Loaded_Language	2894	2915
778358096	Loaded_Language	3710	3738
778358096	Loaded_Language	3774	3793
778358096	Flag-Waving	4350	4418
778358096	Exaggeration,Minimisation	2488	2536
778358096	Doubt	3896	3974
778507244	Loaded_Language	1736	1766
778507244	Appeal_to_fear-prejudice	1913	1988
778507244	Loaded_Language	118	132
778507244	Loaded_Language	134	154
778507244	Loaded_Language	154	181
778507244	Loaded_Language	255	284
778730964	Repetition	44	51
778730964	Repetition	262	268
778730964	Repetition	272	283
778730964	Thought-terminating_Cliches	1467	1503
778730964	Exaggeration,Minimisation	1343	1386
778730964	Loaded_Language	86	101
778730964	Exaggeration,Minimisation	0	44
778730964	Exaggeration,Minimisation	362	401
778730964	Loaded_Language	484	498
778730964	Loaded_Language	516	531
778730964	Doubt	533	617
778730964	Loaded_Language	619	634
778730964	Loaded_Language	1193	1215
778730964	Appeal_to_fear-prejudice	1648	1723
778730964	Causal_Oversimplification	1943	2183
778730964	Causal_Oversimplification	2185	2303
779309765	Loaded_Language	0	12
779309765	Repetition	58	67
779309765	Flag-Waving	410	474
779309765	Doubt	1517	1601
779309765	Causal_Oversimplification	1868	2047
779309765	Flag-Waving	2878	2932
779309765	Doubt	3562	3642
779309765	Flag-Waving	1688	1742
779309765	Loaded_Language	33	58
779309765	Loaded_Language	14	31
779309765	Loaded_Language	158	178
779309765	Doubt	316	408
779309765	Doubt	624	708
779309765	Loaded_Language	737	768
779309765	Doubt	835	939
779309765	Loaded_Language	1646	1668
779309765	Repetition	1688	1697
779309765	Loaded_Language	1779	1807
779309765	Repetition	2084	2093
779309765	Flag-Waving	2210	2281
779309765	Causal_Oversimplification	2095	2348
779309765	Loaded_Language	2511	2530
779309765	Loaded_Language	2766	2789
779309765	Causal_Oversimplification	2692	2876
779309765	Loaded_Language	2957	2975
779309765	Loaded_Language	3153	3180
779309765	Exaggeration,Minimisation	3419	3461
779309765	Loaded_Language	3962	3979
779309765	Repetition	469	474
779309765	Flag-Waving	1609	1679
779309765	Repetition	3454	3461
781672902	Loaded_Language	478	507
781672902	Exaggeration,Minimisation	1433	1472
781672902	Loaded_Language	15136	15157
781672902	Loaded_Language	322	337
781672902	Loaded_Language	291	322
781672902	Exaggeration,Minimisation	886	935
781672902	Loaded_Language	1140	1159
781672902	Causal_Oversimplification	1269	1570
781672902	Loaded_Language	1957	1976
781672902	Loaded_Language	2030	2056
781672902	Flag-Waving	3522	3588
781672902	Loaded_Language	4700	4719
781672902	Doubt	5873	5962
781672902	Flag-Waving	6131	6195
781672902	Flag-Waving	8493	8564
781672902	Causal_Oversimplification	8780	9017
781672902	Loaded_Language	9745	9775
781672902	Exaggeration,Minimisation	9846	9891
781672902	Loaded_Language	10106	10136
781672902	Exaggeration,Minimisation	10735	10776
781672902	Loaded_Language	11509	11522
781672902	Causal_Oversimplification	11456	11580
781672902	Loaded_Language	12004	12021
781672902	Doubt	12368	12482
781672902	Loaded_Language	12975	12997
781672902	Loaded_Language	13000	13019
781672902	Flag-Waving	13175	13241
781672902	Exaggeration,Minimisation	13744	13788
781672902	Exaggeration,Minimisation	14223	14267
781672902	Exaggeration,Minimisation	14745	14794
781672902	Loaded_Language	15233	15253
781672902	Loaded_Language	15465	15490
781672902	Causal_Oversimplification	15670	15979
781672902	Causal_Oversimplification	16424	16594
781672902	Causal_Oversimplification	1756	1942
781672902	Loaded_Language	2673	2688
781672902	Loaded_Language	4952	4979
781672902	Loaded_Language	6352	6367
781672902	Loaded_Language	6527	6550
781672902	Loaded_Language	6856	6875
781672902	Repetition	10075	10080
781672902	Repetition	10391	10398
781672902	Thought-terminating_Cliches	15981	16016
782149032	Causal_Oversimplification	523	946
782149032	Loaded_Language	0	19
782149032	Loaded_Language	489	521
782149032	Loaded_Language	31	46
782149032	Loaded_Language	49	76
782149032	Loaded_Language	76	96
782149032	Loaded_Language	271	289
782149032	Doubt	372	456
782149032	Loaded_Language	591	605
782149032	Loaded_Language	624	639
782149032	Doubt	861	946
782149032	Causal_Oversimplification	948	1114
782149032	Loaded_Language	1121	1139
782448403	Repetition	1400	1411
782448403	Loaded_Language	2334	2346
782448403	Flag-Waving	924	993
782448403	Loaded_Language	1066	1091
782448403	Flag-Waving	1763	1823
782448403	Loaded_Language	2347	2379
782448403	Repetition	875	886
782448403	Repetition	887	897
782448403	Repetition	1842	1847
782448403	Loaded_Language	902	923
782448403	Repetition	938	941
782448403	Repetition	957	960
782448403	Repetition	1311	1322
782448403	Loaded_Language	2367	2379
783774960	Causal_Oversimplification	2806	2985
783774960	Causal_Oversimplification	3004	3126
783774960	Flag-Waving	4403	4456
783774960	Causal_Oversimplification	4565	4823
783774960	Loaded_Language	27	53
783774960	Loaded_Language	165	184
783774960	Loaded_Language	187	218
783774960	Repetition	294	300
783774960	Causal_Oversimplification	453	600
783774960	Repetition	1997	2004
783774960	Repetition	2050	2057
783774960	Loaded_Language	2034	2048
783774960	Repetition	3167	3174
783774960	Loaded_Language	3951	3981
783774960	Loaded_Language	4206	4230
783774960	Loaded_Language	4762	4791
783774960	Causal_Oversimplification	4865	5165
783774960	Repetition	2050	2057
783774960	Thought-terminating_Cliches	1960	1995
783774960	Exaggeration,Minimisation	2006	2048
784143418	Exaggeration,Minimisation	3181	3221
784143418	Flag-Waving	62	118
784143418	Loaded_Language	128	149
784143418	Thought-terminating_Cliches	151	186
784143418	Exaggeration,Minimisation	286	324
784143418	Exaggeration,Minimisation	1361	1413
784143418	Loaded_Language	1693	1709
784143418	Flag-Waving	2038	2095
784143418	Repetition	2067	2072
784143418	Exaggeration,Minimisation	3169	3221
784143418	Loaded_Language	3442	3460
784143418	Causal_Oversimplification	3598	3771
784143418	Loaded_Language	3977	3993
784143418	Repetition	4219	4228
784382409	Loaded_Language	579	595
784382409	Repetition	5336	5343
784382409	Loaded_Language	0	19
784382409	Loaded_Language	4791	4808
784382409	Exaggeration,Minimisation	5336	5378
784382409	Repetition	5497	5503
784382409	Loaded_Language	3168	3201
784382409	Doubt	5433	5525
785331076	Repetition	178	184
785331076	Repetition	124	130
785331076	Repetition	2723	2730
785331076	Repetition	2522	2530
785331076	Repetition	3401	3410
785331076	Repetition	3886	3894
785331076	Repetition	55	63
785331076	Loaded_Language	2743	2757
785331076	Repetition	3367	3374
785331076	Loaded_Language	3379	3391
785331076	Loaded_Language	3392	3409
785331076	Repetition	2767	2778
786004130	Loaded_Language	3197	3215
786004130	Loaded_Language	3217	3235
786004130	Loaded_Language	2845	2863
786004130	Loaded_Language	3665	3691
786004130	Loaded_Language	2976	2994
786004130	Loaded_Language	2533	2551
786004130	Loaded_Language	2717	2736
786004130	Loaded_Language	3526	3544
786004130	Loaded_Language	4763	4781
787085939	Repetition	84	93
787085939	Repetition	885	895
787085939	Repetition	1654	1659
787085939	Repetition	1974	1979
787085939	Repetition	2613	2618
787085939	Repetition	2749	2754
787085939	Repetition	6379	6384
787085939	Repetition	6710	6715
787085939	Repetition	329	334
787085939	Repetition	1952	1959
787085939	Loaded_Language	4288	4301
787085939	Loaded_Language	4288	4301
787085939	Repetition	50	58
787085939	Repetition	366	374
787085939	Repetition	936	944
787085939	Repetition	26	31
787085939	Repetition	2117	2127
787085939	Repetition	2663	2674
787085939	Repetition	5092	5099
787085939	Loaded_Language	6422	6450
787085939	Repetition	6586	6596
787085939	Causal_Oversimplification	897	1061
787085939	Repetition	1707	1718
787085939	Loaded_Language	2569	2583
787085939	Repetition	6517	6526
787085939	Loaded_Language	6838	6851
787085939	Loaded_Language	6905	6918
787730392	Loaded_Language	2028	2056
787730392	Loaded_Language	184	216
787730392	Loaded_Language	568	584
787730392	Loaded_Language	2215	2231
787730392	Doubt	2215	2294
787730392	Thought-terminating_Cliches	0	36
787730392	Flag-Waving	39	93
787730392	Thought-terminating_Cliches	301	336
787730392	Flag-Waving	665	720
787730392	Exaggeration,Minimisation	1489	1533
787730392	Flag-Waving	2621	2684
787730392	Causal_Oversimplification	2850	2975
787730392	Causal_Oversimplification	3009	3361
787966255	Repetition	1257	1264
787966255	Repetition	1473	1481
787966255	Repetition	4195	4205
787966255	Loaded_Language	4356	4369
787966255	Repetition	4598	4602
787966255	Repetition	4605	4615
787966255	Repetition	2217	2228
787966255	Repetition	2470	2479
787966255	Repetition	4605	4615
788271400	Repetition	116	125
788271400	Loaded_Language	139	152
788271400	Repetition	3650	3661
788271400	Loaded_Language	3709	3725
788271400	Repetition	259	267
788271400	Loaded_Language	280	297
788271400	Repetition	435	441
788271400	Repetition	2619	2627
788271400	Repetition	2772	2780
788271400	Repetition	3362	3370
788271400	Repetition	3027	3035
788271400	Repetition	4640	4648
788271400	Loaded_Language	280	297
788271400	Repetition	898	905
788271400	Repetition	922	929
788271400	Repetition	939	946
788271400	Repetition	974	981
788271400	Loaded_Language	4805	4817
788273361	Flag-Waving	310	368
788273361	Repetition	3288	3297
788273361	Loaded_Language	3320	3336
788626289	Repetition	662	668
788626289	Repetition	708	717
788847916	Loaded_Language	2685	2716
788847916	Repetition	3313	3321
788847916	Repetition	217	225
788847916	Loaded_Language	645	662
788847916	Flag-Waving	1966	2021
788847916	Repetition	2450	2460
788847916	Exaggeration,Minimisation	2915	2962
788847916	Exaggeration,Minimisation	3047	3093
788847916	Repetition	3313	3321
788847916	Repetition	4029	4037
788847916	Repetition	4319	4327
788847916	Loaded_Language	4329	4346
788847916	Loaded_Language	432	444
789454337	Repetition	2119	2127
789454337	Causal_Oversimplification	2325	2479
789454337	Repetition	84	87
789454337	Loaded_Language	248	262
789454337	Repetition	275	286
789454337	Repetition	500	508
789454337	Exaggeration,Minimisation	966	1011
789454337	Repetition	2119	2127
789454337	Repetition	2764	2773
789454337	Appeal_to_fear-prejudice	3665	3739
789454337	Loaded_Language	3628	3655
789454337	Loaded_Language	3751	3781
789512681	Loaded_Language	0	20
789512681	Loaded_Language	162	176
789512681	Loaded_Language	699	715
789512681	Loaded_Language	699	715
789512681	Repetition	737	748
789512681	Repetition	2873	2880
789512681	Repetition	3483	3489
789512681	Loaded_Language	4651	4675
789512681	Repetition	4764	4775
789512681	Loaded_Language	4837	4861
789512681	Repetition	6411	6414
789512681	Loaded_Language	6477	6497
789512681	Exaggeration,Minimisation	7034	7084
789512681	Repetition	7874	7879
789512681	Repetition	7958	7969
789512681	Loaded_Language	9189	9206
789512681	Loaded_Language	9893	9905
789753303	Loaded_Language	2658	2678
789753303	Repetition	185	193
789753303	Repetition	2880	2888
789753303	Repetition	2880	2888
790499380	Loaded_Language	6055	6071
790499380	Loaded_Language	6114	6129
790499380	Repetition	3272	3281
790499380	Loaded_Language	3769	3788
790666929	Loaded_Language	226	239
790666929	Loaded_Language	2401	2413
790666929	Repetition	226	233
790666929	Loaded_Language	455	471
790666929	Loaded_Language	668	681
790666929	Repetition	2166	2174
790666929	Repetition	2202	2212
790666929	Repetition	2221	2228
794141509	Repetition	51	58
794141509	Repetition	204	210
794141509	Repetition	6382	6393
794141509	Loaded_Language	11447	11459
794141509	Loaded_Language	11988	12000
794141509	Appeal_to_fear-prejudice	484	560
794141509	Loaded_Language	13420	13437
794141509	Repetition	51	58
794141509	Loaded_Language	74	96
794141509	Loaded_Language	360	382
794141509	Appeal_to_fear-prejudice	484	560
794141509	Flag-Waving	3861	3932
794141509	Loaded_Language	4373	4390
794141509	Loaded_Language	5838	5852
794141509	Repetition	5866	5876
794141509	Thought-terminating_Cliches	5883	5918
794141509	Repetition	6524	6531
794141509	Appeal_to_fear-prejudice	6775	6847
794141509	Repetition	6876	6887
794141509	Repetition	6981	6988
794141509	Doubt	9108	9188
794141509	Loaded_Language	9568	9598
794141509	Loaded_Language	11475	11487
794141509	Repetition	11493	11501
794141509	Repetition	12035	12044
794141509	Repetition	12216	12223
794141509	Loaded_Language	12305	12336
794141509	Appeal_to_fear-prejudice	12346	12418
794141509	Exaggeration,Minimisation	12503	12542
794141509	Exaggeration,Minimisation	12866	12917
794141509	Loaded_Language	13025	13049
794141509	Loaded_Language	13113	13146
794141509	Flag-Waving	13233	13288
794141509	Exaggeration,Minimisation	13342	13379
794141509	Doubt	13498	13604
794141509	Loaded_Language	13661	13694
794141509	Repetition	38	43
794141509	Doubt	6589	6678
794141509	Loaded_Language	9568	9598
794141509	Loaded_Language	9809	9823
794141509	Loaded_Language	10028	10042
794141509	Causal_Oversimplification	13483	13604
794344513	Repetition	3828	3836
794344513	Exaggeration,Minimisation	5373	5422
794344513	Exaggeration,Minimisation	87	127
794344513	Loaded_Language	284	312
794344513	Repetition	1286	1295
794344513	Appeal_to_fear-prejudice	1514	1591
794344513	Loaded_Language	6310	6329
794344513	Loaded_Language	7393	7406
794344513	Repetition	7366	7376
794344513	Loaded_Language	7802	7827
794344513	Loaded_Language	179	193
794344513	Repetition	195	202
794344513	Loaded_Language	318	330
794344513	Repetition	3007	3018
794344513	Repetition	6542	6550
794344513	Loaded_Language	7895	7917
798244842	Repetition	67	76
798244842	Loaded_Language	8701	8713
798244842	Loaded_Language	6987	7004
798244842	Repetition	8686	8696
798244842	Repetition	8719	8726
798244842	Loaded_Language	40	53
798244842	Doubt	616	712
798244842	Loaded_Language	881	907
798244842	Repetition	257	264
798244842	Loaded_Language	629	646
798244842	Loaded_Language	6339	6357
798244842	Flag-Waving	6409	6463
798244842	Repetition	6704	6713
798244842	Loaded_Language	7379	7408
798244842	Repetition	8629	8637
798244842	Repetition	8987	8994
798244842	Loaded_Language	9331	9349
798244842	Repetition	10952	10958
798244842	Repetition	11442	11449
798244842	Doubt	11906	11985
798244842	Exaggeration,Minimisation	268	305
798244842	Thought-terminating_Cliches	501	537
798244842	Repetition	563	573
798244842	Loaded_Language	577	591
798244842	Exaggeration,Minimisation	2977	3020
798244842	Loaded_Language	5962	5982
798244842	Loaded_Language	6465	6484
798244842	Exaggeration,Minimisation	6642	6686
798244842	Loaded_Language	6934	6967
798244842	Loaded_Language	4711	4723
798244842	Loaded_Language	5229	5241
798244842	Loaded_Language	5962	5974
798244842	Repetition	1602	1607
798244842	Repetition	1909	1914
798244842	Repetition	8439	8444
798244842	Repetition	8484	8489
798244842	Repetition	8680	8685
798244842	Exaggeration,Minimisation	9410	9447
798244842	Loaded_Language	9487	9503
798244842	Loaded_Language	9596	9610
798244842	Loaded_Language	9618	9646
798244842	Repetition	9641	9646
798244842	Repetition	9652	9659
798244842	Repetition	10321	10332
798244842	Loaded_Language	11680	11703
832908730	Loaded_Language	2223	2239
832908730	Repetition	2500	2510
832908730	Repetition	3038	3046
832908730	Repetition	1952	1955
832908730	Loaded_Language	2500	2521
832908730	Loaded_Language	2907	2939
832908730	Loaded_Language	3431	3450
832908905	Loaded_Language	2448	2462
832908905	Loaded_Language	3491	3503
832908905	Loaded_Language	588	608
832908905	Loaded_Language	1922	1942
832908905	Loaded_Language	2746	2759
832908905	Loaded_Language	3490	3503
832908905	Loaded_Language	3913	3927
832908905	Repetition	3879	3882
832908905	Loaded_Language	2903	2918
832908905	Exaggeration,Minimisation	2899	2944
832908905	Loaded_Language	3058	3092
832908978	Repetition	2194	2204
832908978	Exaggeration,Minimisation	3048	3090
832908978	Repetition	2108	2112
832908978	Loaded_Language	2377	2389
832908978	Thought-terminating_Cliches	3199	3235
832908978	Loaded_Language	3551	3574
832908978	Loaded_Language	1024	1056
832908978	Loaded_Language	1559	1583
832908978	Loaded_Language	2190	2205
832908978	Loaded_Language	2375	2388
832908978	Loaded_Language	2400	2414
832908978	Repetition	2623	2633
832908978	Loaded_Language	2534	2568
832910505	Flag-Waving	0	56
832910505	Loaded_Language	28	56
832910505	Repetition	260	269
832910505	Loaded_Language	1180	1194
832910505	Loaded_Language	299	314
832910505	Repetition	1028	1037
832910505	Repetition	1328	1333
832910505	Repetition	1328	1333
832910505	Loaded_Language	0	19
832910505	Loaded_Language	58	77
832910505	Exaggeration,Minimisation	106	147
832910505	Loaded_Language	371	385
832910505	Loaded_Language	923	944
832910505	Loaded_Language	1361	1377
832910505	Repetition	1405	1416
832910505	Loaded_Language	1177	1194
832913316	Causal_Oversimplification	1491	1640
832913316	Doubt	1709	1807
832913316	Loaded_Language	1589	1615
832913316	Doubt	798	893
832913316	Loaded_Language	1085	1107
832913316	Exaggeration,Minimisation	1256	1297
832913653	Loaded_Language	711	733
832913653	Repetition	735	738
832913653	Repetition	1920	1931
832913653	Loaded_Language	2106	2125
832913653	Loaded_Language	3234	3254
832913653	Loaded_Language	492	512
832913653	Loaded_Language	2233	2248
832913653	Loaded_Language	2938	2953
832913653	Repetition	521	531
832913653	Loaded_Language	813	828
832913653	Loaded_Language	2425	2445
832913653	Doubt	2938	3029
832916492	Loaded_Language	278	290
832916492	Doubt	960	1060
832916492	Loaded_Language	518	530
832916492	Repetition	69	79
832916492	Loaded_Language	294	315
832916492	Repetition	403	413
832916492	Repetition	403	413
832916492	Loaded_Language	1172	1185
832916508	Causal_Oversimplification	598	733
832916508	Loaded_Language	336	351
832916508	Flag-Waving	679	733
832916508	Loaded_Language	747	764
832917532	Loaded_Language	2293	2312
832917532	Thought-terminating_Cliches	1659	1694
832917532	Causal_Oversimplification	2467	2658
832917778	Loaded_Language	552	567
832917778	Repetition	570	575
832917778	Repetition	683	690
832917778	Repetition	731	736
999000851	Repetition	2059	2065
999000858	Loaded_Language	485	504
999000858	Loaded_Language	1677	1696
999000858	Repetition	595	603
999000858	Exaggeration,Minimisation	1914	1955
999000858	Exaggeration,Minimisation	1914	1955
999000858	Doubt	2360	2470
999000858	Doubt	550	647
999000858	Causal_Oversimplification	2645	2760
999000858	Appeal_to_fear-prejudice	2560	2632
999000858	Appeal_to_fear-prejudice	2560	2632
999000858	Causal_Oversimplification	2645	2760
999000858	Causal_Oversimplification	2763	2952
999000858	Causal_Oversimplification	2763	2952
999000858	Loaded_Language	4508	4521
999000858	Loaded_Language	3796	3821
999000858	Loaded_Language	3726	3741
999000858	Exaggeration,Minimisation	4309	4357
999000874	Loaded_Language	4439	4465
999000874	Causal_Oversimplification	2953	3101
999000874	Causal_Oversimplification	2953	3101
999000874	Repetition	1853	1863
999000874	Repetition	1628	1635
999000874	Loaded_Language	3743	3757
999000874	Repetition	1991	2002
999000874	Repetition	2511	2519
999000874	Loaded_Language	4694	4707
999000878	Loaded_Language	1793	1810
999000878	Repetition	2608	2615
999000878	Repetition	2730	2740
999000878	Repetition	2838	2848
999000878	Repetition	574	579
999000878	Repetition	2373	2378
999001211	Repetition	266	275
999001211	Repetition	433	442
999001211	Repetition	714	724
999001211	Loaded_Language	199	218
999001211	Loaded_Language	156	171
999001211	Loaded_Language	963	979
999001211	Repetition	952	954
999001211	Repetition	2090	2100
999001211	Loaded_Language	3386	3419
999001256	Loaded_Language	407	427
999001256	Loaded_Language	560	583
999001256	Causal_Oversimplification	1915	2195
999001256	Exaggeration,Minimisation	111	152
999001256	Doubt	442	524
999001256	Loaded_Language	2602	2623
999001256	Loaded_Language	3477	3494
999001256	Exaggeration,Minimisation	3539	3587
999001256	Repetition	3582	3587
999001259	Loaded_Language	88	107
999001259	Repetition	2038	2046
999001259	Causal_Oversimplification	2029	2385
999001259	Causal_Oversimplification	2714	2920
999001259	Loaded_Language	2827	2839
999001280	Repetition	938	949
999001280	Repetition	1997	2004
999001280	Repetition	2005	2008
999001280	Repetition	2202	2207
999001280	Repetition	3720	3723
999001280	Loaded_Language	3731	3746
999001280	Repetition	4565	4569
999001280	Repetition	5059	5063
999001280	Repetition	5823	5830
999001280	Loaded_Language	403	418
999001280	Loaded_Language	951	982
999001280	Loaded_Language	3172	3186
999001280	Repetition	206	217
999001280	Repetition	383	388
999001280	Repetition	929	932
999001280	Repetition	1799	1804
999001280	Repetition	2105	2110
999001280	Repetition	2135	2140
999001280	Causal_Oversimplification	2705	2833
999001280	Repetition	4492	4496
999001280	Repetition	4556	4564
999001280	Loaded_Language	4592	4610
999001280	Repetition	5068	5078
999001280	Repetition	4574	4584
999001280	Repetition	5164	5169
999001280	Repetition	5185	5193
999001280	Loaded_Language	5436	5459
999001280	Loaded_Language	5611	5629
999001280	Repetition	267	272
999001280	Repetition	689	694
999001280	Repetition	875	884
999001280	Loaded_Language	2409	2440
999001280	Repetition	2822	2831
999001280	Loaded_Language	3575	3598
999001280	Repetition	4362	4370
999001280	Repetition	4761	4770
999001280	Repetition	4776	4785
999001280	Repetition	3640	3643
999001280	Repetition	5170	5180
999001280	Repetition	5194	5203
999001280	Loaded_Language	5276	5305
999001280	Loaded_Language	5354	5367
999001280	Loaded_Language	5557	5579
999001280	Repetition	5611	5618
999001280	Repetition	5845	5854
999001290	Loaded_Language	752	769
999001290	Thought-terminating_Cliches	3476	3511
999001290	Loaded_Language	3980	4002
999001290	Loaded_Language	4115	4134
999001290	Loaded_Language	4487	4501
999001290	Loaded_Language	5564	5583
999001290	Repetition	640	651
999001290	Repetition	3142	3150
999001290	Repetition	3399	3407
999001290	Flag-Waving	4651	4704
999001299	Loaded_Language	2270	2285
999001299	Repetition	2415	2418
999001299	Repetition	2553	2557
999001299	Repetition	3411	3420
999001299	Repetition	250	257
999001299	Repetition	342	347
999001299	Loaded_Language	970	994
999001299	Repetition	1712	1719
999001299	Loaded_Language	2130	2142
999001299	Loaded_Language	2645	2675
999001299	Loaded_Language	2677	2699
999001299	Doubt	3293	3388
999001299	Loaded_Language	3443	3460
999001299	Repetition	328	333
999001299	Repetition	342	347
999001299	Repetition	772	783
999001299	Loaded_Language	2301	2321
999001323	Repetition	2481	2487
999001323	Repetition	2646	2655
999001323	Loaded_Language	1149	1177
999001323	Loaded_Language	1178	1192
999001323	Repetition	1716	1721
999001323	Repetition	2056	2067
999001323	Repetition	3265	3269
999001323	Repetition	3274	3284
999001323	Loaded_Language	2492	2505
999001419	Loaded_Language	1837	1850
999001419	Repetition	3143	3153
999001419	Flag-Waving	1435	1506
999001419	Repetition	1741	1751
999001419	Repetition	3119	3125
999001419	Loaded_Language	2893	2906
999001419	Repetition	3154	3163
999001419	Loaded_Language	3275	3306
999001419	Loaded_Language	4828	4851
999001419	Loaded_Language	383	397
999001419	Loaded_Language	1244	1261
999001419	Loaded_Language	1319	1334
999001419	Loaded_Language	3641	3657
